# a part of the data of Eshkol april 2020
26 30 33
0.020 0.020 0.610 0.630 0.650 0.670 0.690 0.710 0.730 0.750 0.770 0.790 0.810 0.830 0.850 0.870 0.890 0.910 0.930 0.950 0.970 0.990 1.010 1.030 1.050 1.070 1.090 1.110 1.130 1.150 1.170 1.190 1.210 1.230 1.250
1 18 21 0.05596 8.005 0.12685
2 8 17 0.02849 5.836 0.22525
2 16 20 0.01139 8.412 0.09221
2 16 21 0.02423 8.348 0.08942
2 16 24 0.01510 8.403 0.09508
2 18 19 0.01307 8.350 0.08365
2 18 20 0.01297 8.224 0.08621
2 18 21 0.12824 7.823 0.14837
2 18 22 0.01453 8.026 0.11260
3 6 16 0.01590 7.395 0.12368
3 8 17 0.06087 5.699 0.22663
3 14 24 0.01233 8.338 0.09746
3 16 20 0.05146 8.405 0.10066
3 16 21 0.05769 8.390 0.09489
3 16 22 0.05838 8.310 0.10293
3 16 24 0.11912 8.363 0.11395
3 16 25 0.04194 8.530 0.09919
3 17 18 0.03111 7.721 0.13112
3 17 20 0.03467 8.023 0.11114
3 18 18 0.01563 8.192 0.09540
3 18 19 0.05751 8.392 0.08892
3 18 20 0.04449 8.312 0.08282
3 18 21 0.15010 8.082 0.11631
3 18 22 0.10210 7.507 0.16103
3 18 23 0.03922 7.863 0.12940
3 18 24 0.04742 8.290 0.11255
3 18 25 0.01057 8.141 0.09990
3 18 26 0.02409 8.202 0.10393
3 18 27 0.04145 8.662 0.09688
3 18 28 0.04357 8.791 0.09208
3 18 29 0.03908 8.540 0.10253
3 18 30 0.09380 8.841 0.09276
3 18 31 0.01160 8.899 0.08309
3 19 16 0.02548 7.252 0.12059
3 19 17 0.02392 7.701 0.09061
3 19 22 0.04378 7.747 0.13601
3 19 25 0.01599 8.210 0.10454
3 21 19 0.05275 7.174 0.15320
3 23 21 0.01020 7.657 0.13380
4 6 16 0.05937 7.270 0.13148
4 6 17 0.02274 7.111 0.12935
4 8 17 0.05691 5.873 0.21245
4 14 24 0.09139 8.350 0.11261
4 15 21 0.02017 7.453 0.13995
4 15 22 0.05414 7.852 0.12388
4 15 23 0.01407 7.764 0.12217
4 16 18 0.02438 6.503 0.19996
4 16 19 0.02962 8.163 0.10933
4 16 20 0.12889 8.321 0.10663
4 16 21 0.10076 8.354 0.10053
4 16 22 0.17827 8.300 0.10623
4 16 23 0.04334 7.636 0.13499
4 16 24 0.33528 8.335 0.12037
4 16 25 0.21933 8.550 0.10730
4 16 26 0.04646 8.495 0.09764
4 16 27 0.01601 8.406 0.09179
4 17 18 0.09141 7.558 0.14395
4 17 19 0.06184 8.062 0.11049
4 17 20 0.13253 7.955 0.11758
4 18 15 0.01536 6.610 0.12081
4 18 17 0.02819 7.386 0.11531
4 18 18 0.07084 8.044 0.10786
4 18 19 0.15603 8.387 0.08956
4 18 20 0.13219 8.337 0.07974
4 18 21 0.14213 8.268 0.08888
4 18 22 0.23886 7.533 0.15668
4 18 23 0.19101 7.506 0.16327
4 18 24 0.21210 8.156 0.13391
4 18 25 0.08812 8.270 0.11372
4 18 26 0.10251 8.159 0.11749
4 18 27 0.18151 8.677 0.10882
4 18 28 0.23059 8.950 0.09798
4 18 29 0.20010 8.596 0.11668
4 18 30 0.35584 8.889 0.09923
4 18 31 0.17996 8.930 0.09687
4 19 16 0.09279 7.129 0.13095
4 19 17 0.08530 7.814 0.09152
4 19 18 0.01604 7.588 0.10954
4 19 19 0.02222 7.564 0.09970
4 19 22 0.11760 7.223 0.18772
4 19 24 0.03633 8.034 0.12404
4 19 25 0.10549 8.203 0.11916
4 19 26 0.08329 8.310 0.11299
4 19 27 0.01541 8.417 0.09542
4 21 18 0.04050 6.635 0.19111
4 21 19 0.14384 6.975 0.17178
4 21 20 0.01907 6.162 0.21319
4 22 22 0.03606 7.337 0.16202
4 23 21 0.06050 6.950 0.19456
4 24 21 0.01350 7.101 0.15487
5 6 16 0.12749 7.214 0.13565
5 6 17 0.09990 6.996 0.13352
5 8 17 0.02452 6.523 0.17134
5 9 19 0.02607 5.911 0.23431
5 9 20 0.01118 7.207 0.14009
5 13 22 0.05144 7.998 0.12447
5 13 23 0.02487 8.429 0.09388
5 13 24 0.07613 8.454 0.10154
5 13 25 0.02673 8.360 0.09777
5 13 26 0.06974 8.692 0.09289
5 14 21 0.04373 6.810 0.17936
5 14 22 0.04701 7.824 0.12339
5 14 24 0.26226 8.277 0.12202
5 14 26 0.01562 8.539 0.09415
5 15 20 0.02288 6.939 0.17536
5 15 21 0.07419 7.162 0.16126
5 15 22 0.17358 7.800 0.13039
5 15 23 0.10448 7.525 0.13921
5 15 24 0.11640 7.690 0.13533
5 16 18 0.04084 6.235 0.21816
5 16 19 0.06102 7.902 0.12882
5 16 20 0.21302 8.252 0.10940
5 16 21 0.15419 8.221 0.10832
5 16 22 0.28917 8.343 0.10248
5 16 23 0.16519 7.505 0.15004
5 16 24 0.46788 8.474 0.10769
5 16 25 0.49946 8.626 0.10258
5 16 26 0.26757 8.574 0.10848
5 16 27 0.16123 8.645 0.09879
5 16 28 0.05278 8.564 0.10163
5 17 17 0.01504 7.899 0.13620
5 17 18 0.14572 7.562 0.14553
5 17 19 0.19015 7.972 0.12131
5 17 20 0.28125 7.945 0.11623
5 17 21 0.07832 7.761 0.11355
5 17 22 0.01561 7.914 0.10131
5 18 15 0.04453 6.506 0.13588
5 18 17 0.08192 7.329 0.11806
5 18 18 0.16985 7.933 0.11317
5 18 19 0.29016 8.350 0.08965
5 18 20 0.28419 8.348 0.07715
5 18 21 0.14606 8.235 0.07601
5 18 22 0.25268 7.897 0.12184
5 18 23 0.33406 7.806 0.13656
5 18 24 0.38405 8.077 0.13755
5 18 25 0.25458 8.232 0.12761
5 18 26 0.21607 8.051 0.12299
5 18 27 0.38463 8.696 0.10824
5 18 28 0.51752 9.023 0.09684
5 18 29 0.45055 8.740 0.11375
5 18 30 0.53634 8.934 0.09795
5 18 31 0.55826 8.940 0.09627
5 18 32 0.08828 8.886 0.09745
5 19 15 0.01207 7.049 0.11847
5 19 16 0.18004 7.199 0.11873
5 19 17 0.16969 7.865 0.08737
5 19 18 0.10911 7.580 0.11306
5 19 19 0.14540 7.756 0.10470
5 19 20 0.02907 7.911 0.09688
5 19 22 0.11024 7.359 0.17438
5 19 23 0.05553 7.167 0.18043
5 19 24 0.14782 7.574 0.16392
5 19 25 0.28883 8.146 0.12770
5 19 26 0.30961 8.275 0.12380
5 19 27 0.16805 8.596 0.10584
5 19 28 0.04726 8.802 0.08618
5 19 29 0.01005 8.070 0.09567
5 20 15 0.01205 6.821 0.14646
5 20 16 0.05725 7.178 0.11807
5 20 17 0.01841 7.626 0.12357
5 20 18 0.04791 7.685 0.10441
5 20 25 0.03671 8.285 0.10134
5 21 16 0.01994 7.654 0.08947
5 21 18 0.07837 6.220 0.22995
5 21 19 0.17464 7.146 0.15598
5 21 20 0.08087 5.761 0.23584
5 22 22 0.11606 6.983 0.19518
5 23 21 0.11716 6.816 0.20780
5 23 22 0.01247 7.189 0.15555
5 24 20 0.04016 5.854 0.24942
5 24 21 0.06408 6.713 0.17817
6 5 17 0.01173 7.188 0.12553
6 6 16 0.17350 7.169 0.13673
6 6 17 0.19790 6.955 0.13555
6 6 19 0.03224 6.423 0.17106
6 8 19 0.01356 6.912 0.15471
6 9 19 0.08450 5.495 0.25382
6 9 20 0.07476 6.883 0.15282
6 12 21 0.01009 8.097 0.10341
6 12 24 0.01112 8.417 0.08888
6 13 21 0.03679 7.343 0.17730
6 13 22 0.22474 7.771 0.14751
6 13 23 0.12565 8.495 0.10141
6 13 24 0.31412 8.398 0.11536
6 13 25 0.16619 8.537 0.10629
6 13 26 0.36709 8.698 0.10518
6 13 27 0.01408 8.374 0.09258
6 14 21 0.10635 6.556 0.18919
6 14 22 0.17055 7.746 0.12995
6 14 23 0.01193 7.575 0.13113
6 14 24 0.40756 8.306 0.11564
6 14 25 0.06534 8.335 0.10586
6 14 26 0.09500 8.660 0.10051
6 14 27 0.03216 8.607 0.09247
6 15 20 0.03968 6.789 0.19479
6 15 21 0.13639 7.094 0.16300
6 15 22 0.28150 7.940 0.11901
6 15 23 0.27669 7.556 0.13524
6 15 24 0.36789 7.715 0.13335
6 15 25 0.02820 8.073 0.11263
6 16 18 0.02583 6.372 0.19485
6 16 19 0.06406 7.723 0.14113
6 16 20 0.23345 8.200 0.11098
6 16 21 0.22274 8.021 0.11809
6 16 22 0.34549 8.311 0.10018
6 16 23 0.30352 7.886 0.12232
6 16 24 0.44500 8.452 0.10130
6 16 25 0.62655 8.716 0.09181
6 16 26 0.57468 8.695 0.09977
6 16 27 0.48939 8.721 0.09984
6 16 28 0.35678 8.598 0.11308
6 16 29 0.04635 8.743 0.10021
6 17 17 0.01356 7.976 0.14214
6 17 18 0.12326 7.577 0.14798
6 17 19 0.28449 7.995 0.12003
6 17 20 0.37221 7.979 0.10853
6 17 21 0.28102 7.695 0.12108
6 17 22 0.14424 7.902 0.11142
6 17 23 0.03339 8.282 0.08887
6 17 25 0.02449 8.429 0.10059
6 17 26 0.06123 8.590 0.09780
6 17 27 0.03051 8.540 0.09410
6 17 31 0.01162 8.549 0.09770
6 18 15 0.06823 6.471 0.13763
6 18 16 0.02694 6.894 0.15049
6 18 17 0.14362 7.338 0.11373
6 18 18 0.24551 7.901 0.10870
6 18 19 0.38262 8.231 0.08879
6 18 20 0.41922 8.305 0.07642
6 18 21 0.19156 8.126 0.07613
6 18 22 0.18571 8.124 0.08537
6 18 23 0.30838 7.943 0.11800
6 18 24 0.38278 8.205 0.12607
6 18 25 0.37016 8.461 0.11191
6 18 26 0.28855 8.070 0.11437
6 18 27 0.50565 8.747 0.09868
6 18 28 0.67357 9.188 0.08771
6 18 29 0.58131 9.022 0.09665
6 18 30 0.49052 9.011 0.09518
6 18 31 0.62525 8.903 0.09677
6 18 32 0.46592 9.052 0.09460
6 19 15 0.03875 6.683 0.12885
6 19 16 0.23677 7.275 0.10654
6 19 17 0.23567 7.879 0.07668
6 19 18 0.27824 7.639 0.10712
6 19 19 0.35710 7.858 0.09953
6 19 20 0.19341 7.960 0.10127
6 19 22 0.02009 8.081 0.11180
6 19 23 0.10104 6.909 0.20373
6 19 24 0.24979 7.522 0.16262
6 19 25 0.43091 8.204 0.12191
6 19 26 0.54651 8.434 0.11034
6 19 27 0.53379 8.596 0.11185
6 19 28 0.34739 8.872 0.09946
6 19 29 0.17022 8.427 0.10719
6 19 30 0.01735 8.047 0.10973
6 19 31 0.03036 8.692 0.09096
6 20 15 0.05022 6.364 0.19016
6 20 16 0.16042 7.148 0.12153
6 20 17 0.05130 7.549 0.12502
6 20 18 0.12992 7.657 0.10561
6 20 24 0.01236 8.316 0.08777
6 20 25 0.14130 8.403 0.10621
6 20 27 0.01659 8.569 0.09591
6 21 16 0.05479 7.644 0.10417
6 21 18 0.03937 6.817 0.16767
6 21 19 0.13400 7.404 0.13200
6 21 20 0.10306 6.028 0.21077
6 21 21 0.03574 6.530 0.19514
6 22 22 0.14780 7.184 0.17566
6 22 23 0.01126 7.636 0.12658
6 23 21 0.10476 7.080 0.18406
6 23 22 0.07120 6.445 0.21015
6 24 18 0.01459 7.242 0.12998
6 24 20 0.07943 5.833 0.24609
6 24 21 0.12634 6.602 0.18463
6 25 19 0.01420 8.171 0.09975
7 5 16 0.01889 6.958 0.16014
7 5 17 0.02332 7.098 0.12815
7 6 15 0.01371 7.432 0.12321
7 6 16 0.16377 7.184 0.13582
7 6 17 0.20995 6.943 0.13652
7 6 18 0.01641 4.918 0.28613
7 6 19 0.13261 5.994 0.19174
7 7 19 0.01030 6.014 0.22596
7 7 21 0.04806 7.223 0.13143
7 8 19 0.03006 6.668 0.16858
7 9 19 0.09796 5.792 0.22482
7 9 20 0.18798 6.813 0.15474
7 10 18 0.01406 7.020 0.15143
7 10 19 0.04900 6.895 0.15655
7 10 20 0.02694 7.546 0.12423
7 12 21 0.04120 8.198 0.10406
7 12 24 0.12961 8.490 0.10764
7 12 25 0.09181 8.495 0.10647
7 12 26 0.09247 8.634 0.10194
7 13 21 0.07302 6.912 0.21203
7 13 22 0.39606 7.946 0.13537
7 13 23 0.29228 8.434 0.10723
7 13 24 0.58079 8.465 0.10791
7 13 25 0.43869 8.557 0.10827
7 13 26 0.72970 8.764 0.09832
7 13 27 0.21623 8.710 0.09892
7 14 21 0.11493 6.581 0.17564
7 14 22 0.28739 7.824 0.12727
7 14 23 0.09775 7.344 0.14600
7 14 24 0.44663 8.223 0.11180
7 14 25 0.22670 8.237 0.11288
7 14 26 0.22219 8.626 0.10522
7 14 27 0.20507 8.728 0.10290
7 14 28 0.02926 8.606 0.09269
7 15 20 0.01297 7.443 0.13841
7 15 21 0.13318 7.144 0.15785
7 15 22 0.28607 8.011 0.11434
7 15 23 0.37107 7.784 0.11990
7 15 24 0.45216 7.973 0.11666
7 15 25 0.22691 8.093 0.11576
7 16 19 0.01880 7.787 0.12526
7 16 20 0.13395 8.178 0.11183
7 16 21 0.24141 7.831 0.12806
7 16 22 0.37144 8.128 0.10516
7 16 23 0.39435 8.195 0.10189
7 16 24 0.36155 8.404 0.09425
7 16 25 0.60063 8.762 0.08284
7 16 26 0.67243 8.754 0.08766
7 16 27 0.68213 8.814 0.08826
7 16 28 0.72183 8.646 0.10653
7 16 29 0.40599 8.487 0.12515
7 16 30 0.02499 8.513 0.10354
7 17 18 0.03257 7.700 0.15481
7 17 19 0.21727 8.024 0.11851
7 17 20 0.33875 7.923 0.10930
7 17 21 0.39793 7.812 0.10931
7 17 22 0.38162 7.882 0.11237
7 17 23 0.16137 8.167 0.10499
7 17 25 0.11149 8.382 0.11423
7 17 26 0.22139 8.509 0.11491
7 17 27 0.07870 8.662 0.08598
7 17 28 0.03099 8.433 0.10075
7 17 31 0.01541 8.570 0.10073
7 17 32 0.03061 8.932 0.09727
7 18 13 0.02046 6.371 0.16185
7 18 14 0.01113 6.480 0.11120
7 18 15 0.06700 6.484 0.13500
7 18 16 0.06137 6.606 0.16345
7 18 17 0.16672 7.349 0.10713
7 18 18 0.24137 7.804 0.10833
7 18 19 0.38668 8.124 0.08765
7 18 20 0.44002 8.259 0.07642
7 18 21 0.27499 8.086 0.08033
7 18 22 0.11372 7.825 0.07332
7 18 23 0.18051 7.864 0.09925
7 18 24 0.27376 8.341 0.11764
7 18 25 0.36180 8.639 0.10146
7 18 26 0.30956 8.159 0.10372
7 18 27 0.50438 8.784 0.08763
7 18 28 0.68397 9.276 0.08179
7 18 29 0.54201 9.235 0.08466
7 18 30 0.25970 9.180 0.08655
7 18 31 0.49378 8.954 0.09575
7 18 32 0.66977 9.021 0.09284
7 19 15 0.08256 6.397 0.13499
7 19 16 0.24878 7.268 0.10247
7 19 17 0.27359 7.801 0.07091
7 19 18 0.39203 7.736 0.09203
7 19 19 0.46986 7.901 0.08855
7 19 20 0.42646 8.003 0.09591
7 19 23 0.05509 7.444 0.16454
7 19 24 0.21784 7.613 0.15472
7 19 25 0.43524 8.221 0.11848
7 19 26 0.62308 8.549 0.09979
7 19 27 0.75239 8.726 0.10347
7 19 28 0.77993 8.926 0.10094
7 19 29 0.61018 8.589 0.10672
7 19 30 0.12993 8.314 0.10728
7 19 31 0.04465 8.710 0.09208
7 19 32 0.01593 9.013 0.09177
7 20 15 0.07989 6.309 0.19482
7 20 16 0.23667 7.175 0.11645
7 20 17 0.08152 7.501 0.12430
7 20 18 0.20252 7.669 0.10301
7 20 24 0.06318 8.608 0.08774
7 20 25 0.27220 8.389 0.11037
7 20 26 0.03057 8.444 0.10185
7 20 27 0.14877 8.523 0.11173
7 20 28 0.04313 8.705 0.09763
7 20 29 0.01033 8.216 0.09940
7 21 16 0.08658 7.681 0.10757
7 21 19 0.04077 7.760 0.09376
7 21 20 0.04191 6.779 0.16364
7 21 21 0.08478 5.920 0.24127
7 21 22 0.01911 6.619 0.18210
7 22 22 0.11272 7.512 0.14876
7 22 23 0.07989 7.142 0.16022
7 22 24 0.07072 7.629 0.13551
7 23 21 0.03560 7.860 0.12519
7 23 22 0.12978 6.478 0.20674
7 23 23 0.02951 7.454 0.14527
7 24 18 0.01811 7.055 0.14737
7 24 19 0.02768 5.811 0.26017
7 24 20 0.06065 6.249 0.21166
7 24 21 0.12862 6.677 0.18262
7 24 22 0.02818 6.687 0.18827
7 24 23 0.05593 7.967 0.12000
7 25 19 0.01470 8.101 0.10261
7 25 23 0.01725 8.154 0.10136
8 5 16 0.03398 6.771 0.17778
8 5 17 0.01428 7.130 0.12693
8 6 15 0.01304 7.457 0.12191
8 6 16 0.08576 7.272 0.12942
8 6 17 0.11138 7.006 0.13300
8 6 18 0.04004 4.655 0.30130
8 6 19 0.16866 6.103 0.17397
8 7 19 0.02051 5.532 0.26219
8 7 21 0.13626 7.174 0.13238
8 8 19 0.03086 6.682 0.16797
8 8 20 0.02184 6.246 0.16205
8 8 21 0.01017 7.367 0.12567
8 9 19 0.04994 6.014 0.20266
8 9 20 0.23104 6.890 0.14760
8 10 18 0.03663 6.956 0.15454
8 10 19 0.15688 6.807 0.15993
8 10 20 0.12294 7.566 0.12538
8 11 26 0.01168 8.551 0.09093
8 12 20 0.04960 7.312 0.18024
8 12 21 0.07296 8.157 0.10974
8 12 23 0.04151 8.308 0.11321
8 12 24 0.40402 8.483 0.11189
8 12 25 0.31259 8.463 0.11353
8 12 26 0.40649 8.538 0.11094
8 12 27 0.03661 8.585 0.09580
8 13 21 0.08452 7.030 0.19119
8 13 22 0.40737 8.072 0.12657
8 13 23 0.43145 8.369 0.11064
8 13 24 0.65289 8.501 0.10240
8 13 25 0.66428 8.601 0.10014
8 13 26 0.81020 8.779 0.09217
8 13 27 0.71270 8.749 0.09976
8 13 28 0.09098 8.577 0.09977
8 14 21 0.04517 6.459 0.16666
8 14 22 0.26415 7.861 0.12578
8 14 23 0.26868 7.465 0.13973
8 14 24 0.41020 7.997 0.11086
8 14 25 0.41848 8.241 0.10304
8 14 26 0.27640 8.450 0.10229
8 14 27 0.50426 8.765 0.10350
8 14 28 0.24583 8.757 0.10091
8 15 21 0.05093 7.274 0.14811
8 15 22 0.18811 7.882 0.12608
8 15 23 0.34384 7.939 0.11268
8 15 24 0.36894 7.938 0.10791
8 15 25 0.50883 8.230 0.10833
8 15 26 0.02879 8.215 0.10519
8 15 28 0.01556 8.356 0.09421
8 16 21 0.11924 7.591 0.14806
8 16 22 0.32017 7.827 0.11531
8 16 23 0.42949 8.215 0.09696
8 16 24 0.34265 8.389 0.09141
8 16 25 0.52549 8.798 0.07371
8 16 26 0.65828 8.812 0.07533
8 16 27 0.61882 8.808 0.07913
8 16 28 0.71491 8.826 0.08758
8 16 29 0.78972 8.535 0.11109
8 16 30 0.28765 8.653 0.10427
8 17 19 0.05624 8.040 0.12062
8 17 20 0.18659 7.720 0.11773
8 17 21 0.28533 7.647 0.11079
8 17 22 0.41740 7.873 0.10554
8 17 23 0.35081 8.104 0.10593
8 17 24 0.08334 8.071 0.12880
8 17 25 0.26071 8.257 0.13140
8 17 26 0.38083 8.612 0.10598
8 17 27 0.14214 8.769 0.08639
8 17 28 0.09694 8.553 0.10269
8 17 29 0.05436 8.574 0.10135
8 17 32 0.03357 8.823 0.09292
8 18 13 0.06393 6.284 0.16645
8 18 15 0.05026 6.555 0.12171
8 18 16 0.07427 6.534 0.15436
8 18 17 0.14190 7.313 0.10362
8 18 18 0.17197 7.647 0.11400
8 18 19 0.32971 8.025 0.08654
8 18 20 0.36673 8.166 0.07572
8 18 21 0.32508 8.068 0.08425
8 18 22 0.09379 7.516 0.08622
8 18 23 0.07841 7.976 0.07515
8 18 24 0.12441 7.755 0.16984
8 18 25 0.28025 8.515 0.11102
8 18 26 0.31682 8.261 0.09770
8 18 27 0.45129 8.829 0.07691
8 18 28 0.61523 9.452 0.07315
8 18 29 0.39407 9.285 0.08528
8 18 30 0.05712 9.276 0.06904
8 18 31 0.19609 9.054 0.09715
8 18 32 0.64467 9.143 0.08982
8 19 15 0.11508 6.377 0.11593
8 19 16 0.23372 7.165 0.09752
8 19 17 0.28431 7.687 0.06981
8 19 18 0.39712 7.761 0.07791
8 19 19 0.46564 7.920 0.07786
8 19 20 0.47065 8.022 0.08596
8 19 21 0.05558 7.089 0.13776
8 19 24 0.12021 7.868 0.14004
8 19 25 0.33793 8.200 0.11739
8 19 26 0.54340 8.484 0.09416
8 19 27 0.72447 8.828 0.09387
8 19 28 0.84261 9.057 0.09239
8 19 29 0.89136 8.860 0.09799
8 19 30 0.42603 8.584 0.09706
8 19 31 0.04930 8.616 0.09801
8 19 32 0.01923 8.845 0.09881
8 20 15 0.04303 6.786 0.15356
8 20 16 0.23186 7.214 0.10704
8 20 17 0.07769 7.429 0.12332
8 20 18 0.21622 7.691 0.09920
8 20 19 0.01086 5.240 0.23756
8 20 23 0.02312 8.368 0.09382
8 20 24 0.14523 8.616 0.09107
8 20 25 0.34001 8.402 0.11170
8 20 26 0.17960 8.439 0.11923
8 20 27 0.46528 8.542 0.11650
8 20 28 0.20715 8.423 0.13205
8 20 29 0.07053 8.585 0.09681
8 21 16 0.08832 7.878 0.09286
8 21 21 0.05181 6.451 0.19688
8 21 22 0.06354 5.770 0.25124
8 22 22 0.02858 8.050 0.10617
8 22 23 0.18945 6.981 0.16865
8 22 24 0.27133 7.470 0.14385
8 23 22 0.10730 6.683 0.18889
8 23 23 0.12932 7.073 0.17432
8 23 24 0.01873 7.745 0.12379
8 23 25 0.06878 8.120 0.11887
8 23 26 0.01928 8.448 0.09351
8 24 18 0.01355 6.942 0.15710
8 24 19 0.04337 5.506 0.27539
8 24 20 0.01290 7.519 0.12350
8 24 21 0.08459 6.962 0.17005
8 24 22 0.08814 6.442 0.20151
8 24 23 0.18558 7.803 0.13515
8 24 24 0.09141 8.038 0.11994
8 24 25 0.07938 7.997 0.12210
8 24 26 0.05535 8.073 0.11966
8 25 21 0.02226 8.159 0.10973
8 25 22 0.04322 8.231 0.10873
8 25 23 0.13986 8.077 0.12515
9 5 15 0.01160 7.260 0.13280
9 5 16 0.01421 7.216 0.13441
9 5 19 0.03351 4.705 0.33958
9 6 18 0.01058 6.145 0.19618
9 6 19 0.10184 6.288 0.16280
9 7 21 0.21779 7.182 0.12953
9 8 19 0.01190 6.987 0.14701
9 8 20 0.07297 6.243 0.17592
9 8 21 0.04715 7.224 0.12898
9 9 20 0.21049 6.973 0.14077
9 9 21 0.03814 7.760 0.12031
9 10 18 0.06080 7.020 0.15028
9 10 19 0.26226 6.979 0.15211
9 10 20 0.27230 7.645 0.12278
9 10 21 0.03022 7.839 0.11579
9 11 26 0.08658 8.497 0.10964
9 12 20 0.10196 7.065 0.20723
9 12 21 0.06216 8.184 0.10491
9 12 23 0.21022 8.146 0.12689
9 12 24 0.62188 8.514 0.10594
9 12 25 0.56332 8.566 0.10351
9 12 26 0.73509 8.617 0.10259
9 12 27 0.29026 8.532 0.10779
9 13 21 0.08435 7.214 0.17309
9 13 22 0.30875 8.197 0.11976
9 13 23 0.49643 8.386 0.10957
9 13 24 0.61257 8.492 0.09933
9 13 25 0.72287 8.584 0.09383
9 13 26 0.70197 8.801 0.08344
9 13 27 0.90820 8.764 0.09282
9 13 28 0.53086 8.560 0.10891
9 14 22 0.11311 7.756 0.14283
9 14 23 0.33863 7.748 0.12932
9 14 24 0.32918 7.659 0.11184
9 14 25 0.49211 8.179 0.09676
9 14 26 0.30090 8.141 0.09342
9 14 27 0.62169 8.860 0.09072
9 14 28 0.65976 8.815 0.09932
9 14 29 0.04488 8.496 0.09769
9 15 22 0.04765 6.904 0.22375
9 15 23 0.23696 7.845 0.12306
9 15 24 0.21459 7.495 0.11201
9 15 25 0.50864 8.334 0.09427
9 15 26 0.27324 8.416 0.10092
9 15 28 0.03398 8.467 0.09828
9 16 22 0.15436 7.083 0.14458
9 16 23 0.39017 8.064 0.09939
9 16 24 0.38422 8.307 0.09699
9 16 25 0.48259 8.647 0.07711
9 16 26 0.66174 8.825 0.06850
9 16 27 0.46928 8.735 0.07124
9 16 28 0.47856 9.162 0.06473
9 16 29 0.76945 8.737 0.09322
9 16 30 0.72501 8.749 0.09689
9 16 31 0.01970 8.603 0.08633
9 17 20 0.03270 7.064 0.12487
9 17 21 0.06993 6.997 0.13012
9 17 22 0.25305 7.683 0.10123
9 17 23 0.36836 8.061 0.10019
9 17 24 0.24356 7.871 0.13928
9 17 25 0.39080 8.409 0.11731
9 17 26 0.47145 8.704 0.09625
9 17 27 0.20840 8.776 0.09362
9 17 28 0.17250 8.329 0.13137
9 17 29 0.13256 8.651 0.09515
9 17 30 0.02858 8.595 0.10110
9 17 32 0.01237 8.935 0.08325
9 18 12 0.02273 6.722 0.13415
9 18 13 0.11295 6.556 0.13844
9 18 15 0.02877 6.457 0.10663
9 18 16 0.05838 6.475 0.13772
9 18 17 0.10682 7.253 0.10295
9 18 18 0.09758 7.464 0.12361
9 18 19 0.23719 7.956 0.08791
9 18 20 0.18646 7.933 0.07697
9 18 21 0.25168 7.903 0.09540
9 18 22 0.11528 7.735 0.09672
9 18 23 0.03453 7.856 0.06440
9 18 24 0.02826 5.638 0.36331
9 18 25 0.20126 7.942 0.13979
9 18 26 0.34007 8.250 0.09742
9 18 27 0.43428 8.895 0.07305
9 18 28 0.44304 9.591 0.06748
9 18 29 0.19679 9.015 0.10554
9 18 30 0.01590 7.875 0.09965
9 18 31 0.01875 9.579 0.08457
9 18 32 0.47839 9.432 0.08451
9 19 15 0.11590 6.383 0.09982
9 19 16 0.19172 7.136 0.09552
9 19 17 0.26018 7.593 0.07241
9 19 18 0.31729 7.723 0.06547
9 19 19 0.41680 7.987 0.06785
9 19 20 0.34273 8.090 0.06961
9 19 21 0.16018 6.757 0.16140
9 19 24 0.06568 8.710 0.08606
9 19 25 0.21018 8.107 0.12203
9 19 26 0.38344 8.232 0.09134
9 19 27 0.55826 8.936 0.08342
9 19 28 0.74487 9.492 0.07260
9 19 29 0.89104 9.077 0.08910
9 19 30 0.72209 8.848 0.08823
9 19 31 0.05124 8.504 0.09992
9 19 32 0.01196 8.812 0.09506
9 20 16 0.16568 7.330 0.09813
9 20 17 0.03757 7.286 0.12059
9 20 18 0.16988 7.713 0.09463
9 20 19 0.01905 5.706 0.19157
9 20 22 0.01003 7.563 0.13001
9 20 23 0.07000 7.946 0.14587
9 20 24 0.18154 8.587 0.09270
9 20 25 0.33545 8.451 0.11142
9 20 26 0.39250 8.412 0.12402
9 20 27 0.63650 8.663 0.10681
9 20 28 0.40592 8.329 0.13931
9 20 29 0.14874 8.586 0.11311
9 20 30 0.01227 8.361 0.09966
9 21 16 0.06232 8.069 0.07815
9 21 22 0.06556 5.911 0.22779
9 21 24 0.01754 7.500 0.14018
9 21 27 0.01128 8.583 0.09610
9 22 23 0.16554 6.921 0.17034
9 22 24 0.37078 7.572 0.13560
9 22 25 0.05770 7.845 0.12705
9 22 26 0.05072 8.365 0.11103
9 22 27 0.01082 8.534 0.08809
9 23 22 0.03466 7.153 0.14825
9 23 23 0.21169 7.128 0.16483
9 23 24 0.09463 7.479 0.14563
9 23 25 0.25729 7.988 0.12882
9 23 26 0.13154 8.447 0.10815
9 24 19 0.02607 6.084 0.23217
9 24 21 0.02590 7.906 0.11535
9 24 22 0.13401 6.676 0.17976
9 24 23 0.30550 7.867 0.13106
9 24 24 0.29385 7.911 0.13279
9 24 25 0.25783 7.912 0.13010
9 24 26 0.21961 8.034 0.12652
9 24 27 0.06233 8.180 0.12014
9 24 28 0.04129 8.480 0.10483
9 24 29 0.01157 8.440 0.09014
9 25 21 0.06997 7.896 0.12803
9 25 22 0.16507 8.164 0.11885
9 25 23 0.36496 8.108 0.12746
9 25 24 0.04856 7.947 0.12667
9 25 25 0.01065 8.088 0.10368
9 25 26 0.01450 7.988 0.11953
9 25 27 0.03091 8.417 0.10423
9 25 28 0.04171 8.578 0.10281
9 26 23 0.02503 8.253 0.10305
10 5 19 0.01589 5.761 0.24881
10 7 21 0.21870 7.187 0.12879
10 8 20 0.08512 6.450 0.16317
10 8 21 0.11288 7.134 0.13065
10 9 20 0.16405 7.098 0.13244
10 9 21 0.15153 7.602 0.13112
10 9 22 0.02162 8.024 0.10237
10 10 18 0.05792 7.239 0.14042
10 10 19 0.27757 7.188 0.14555
10 10 20 0.34057 7.752 0.11908
10 10 21 0.21930 7.715 0.12878
10 11 20 0.02404 7.716 0.11473
10 11 25 0.02061 8.492 0.09924
10 11 26 0.22811 8.175 0.14363
10 11 27 0.01638 8.436 0.09939
10 12 20 0.10540 7.355 0.17788
10 12 21 0.02541 8.233 0.08584
10 12 23 0.40989 8.192 0.12208
10 12 24 0.65144 8.488 0.10361
10 12 25 0.70565 8.624 0.09667
10 12 26 0.76964 8.562 0.10083
10 12 27 0.70120 8.540 0.10548
10 12 28 0.05044 8.413 0.10288
10 13 21 0.08650 7.500 0.15577
10 13 22 0.13582 8.360 0.10784
10 13 23 0.45680 8.524 0.10394
10 13 24 0.51415 8.518 0.09734
10 13 25 0.62179 8.547 0.08770
10 13 26 0.50469 8.726 0.07164
10 13 27 0.84321 8.886 0.08171
10 13 28 0.91157 8.668 0.09775
10 13 29 0.03222 8.511 0.10143
10 14 23 0.27064 8.066 0.12850
10 14 24 0.22552 7.285 0.11822
10 14 25 0.40597 7.984 0.09182
10 14 26 0.41214 8.142 0.08681
10 14 27 0.46768 8.826 0.07870
10 14 28 0.86053 8.800 0.09294
10 14 29 0.21877 8.453 0.11513
10 15 23 0.11063 6.931 0.18854
10 15 24 0.11491 6.376 0.13412
10 15 25 0.33240 8.136 0.08660
10 15 26 0.59741 8.555 0.09277
10 15 28 0.08269 8.594 0.09577
10 16 22 0.01713 4.922 0.15446
10 16 23 0.23795 7.649 0.11208
10 16 24 0.35996 8.131 0.10462
10 16 25 0.46671 8.414 0.08461
10 16 26 0.67107 8.772 0.06979
10 16 27 0.36306 8.636 0.07102
10 16 28 0.18678 8.956 0.06415
10 16 29 0.59333 9.188 0.07066
10 16 30 0.77970 8.825 0.08985
10 16 31 0.05372 8.670 0.09288
10 17 22 0.09698 7.244 0.11324
10 17 23 0.21686 7.795 0.10862
10 17 24 0.25980 7.869 0.12882
10 17 25 0.45485 8.446 0.11023
10 17 26 0.50907 8.694 0.09515
10 17 27 0.26416 8.737 0.10057
10 17 28 0.19826 8.345 0.13099
10 17 29 0.16179 8.765 0.08976
10 17 30 0.05126 8.712 0.09840
10 18 12 0.07441 6.545 0.14944
10 18 13 0.13961 6.810 0.12027
10 18 16 0.03266 6.449 0.12035
10 18 17 0.08947 7.250 0.10119
10 18 18 0.05441 7.409 0.12065
10 18 19 0.10755 7.802 0.09109
10 18 20 0.02172 7.128 0.08673
10 18 21 0.06705 7.401 0.11535
10 18 22 0.12072 7.967 0.09400
10 18 23 0.04240 7.150 0.14972
10 18 25 0.15944 7.462 0.15107
10 18 26 0.36398 8.234 0.09722
10 18 27 0.41132 8.934 0.07610
10 18 28 0.18014 9.451 0.07227
10 18 29 0.03375 8.434 0.09720
10 18 30 0.02310 8.564 0.10051
10 18 31 0.01348 8.555 0.09295
10 18 32 0.18829 9.523 0.09128
10 19 14 0.01212 6.361 0.09947
10 19 15 0.08277 6.321 0.09434
10 19 16 0.11542 7.116 0.09426
10 19 17 0.18907 7.478 0.07856
10 19 18 0.18016 7.620 0.06470
10 19 19 0.29067 8.004 0.06339
10 19 20 0.16159 8.057 0.05603
10 19 21 0.15038 6.791 0.15120
10 19 23 0.01353 7.272 0.18151
10 19 24 0.04762 8.867 0.07357
10 19 25 0.07538 7.935 0.13028
10 19 26 0.21404 7.716 0.09197
10 19 27 0.37207 8.937 0.08015
10 19 28 0.55109 9.931 0.05635
10 19 29 0.85930 9.429 0.06943
10 19 30 0.75417 9.038 0.08126
10 19 31 0.04341 8.564 0.09708
10 20 16 0.06714 7.615 0.08642
10 20 18 0.07648 7.677 0.08958
10 20 19 0.01034 6.574 0.15121
10 20 22 0.01624 7.717 0.13058
10 20 23 0.10504 7.551 0.19015
10 20 24 0.15146 8.535 0.09336
10 20 25 0.26346 8.560 0.10602
10 20 26 0.42347 8.538 0.11482
10 20 27 0.58383 8.822 0.09889
10 20 28 0.40861 8.523 0.12640
10 20 29 0.13515 8.918 0.08808
10 20 30 0.01897 8.563 0.09466
10 21 9 0.05236 7.231 0.10209
10 21 16 0.03291 8.024 0.07455
10 21 22 0.01574 6.628 0.16909
10 21 23 0.02598 4.436 0.32632
10 21 24 0.05843 7.940 0.12435
10 21 25 0.02327 8.352 0.10317
10 21 26 0.01297 8.484 0.08602
10 21 27 0.01228 8.618 0.09849
10 22 23 0.02933 6.750 0.18065
10 22 24 0.33627 7.651 0.13010
10 22 25 0.20012 7.659 0.14202
10 22 26 0.17463 8.273 0.12271
10 22 27 0.06697 8.739 0.09565
10 22 28 0.08402 8.756 0.09782
10 23 23 0.13860 7.265 0.15674
10 23 24 0.19192 7.406 0.14923
10 23 25 0.38140 8.022 0.12310
10 23 26 0.35112 8.407 0.11087
10 24 22 0.12958 6.884 0.16859
10 24 23 0.26025 7.926 0.12723
10 24 24 0.35447 7.961 0.12508
10 24 25 0.36729 8.007 0.12192
10 24 26 0.39706 8.197 0.11519
10 24 27 0.22383 8.131 0.12876
10 24 28 0.21979 8.388 0.12124
10 24 29 0.13081 8.505 0.11236
10 24 30 0.03579 8.670 0.09056
10 25 21 0.12988 7.744 0.13884
10 25 22 0.30265 8.124 0.12276
10 25 23 0.42872 8.208 0.12108
10 25 24 0.22315 7.585 0.16381
10 25 25 0.04642 7.863 0.12941
10 25 26 0.08795 7.782 0.14302
10 25 27 0.17058 8.305 0.12373
10 25 28 0.26753 8.500 0.11620
10 25 29 0.02680 8.436 0.10187
10 26 22 0.05078 8.113 0.11825
10 26 23 0.11568 8.131 0.12665
11 7 21 0.14893 7.212 0.12890
11 8 20 0.03470 6.923 0.13687
11 8 21 0.15826 7.099 0.13176
11 9 20 0.10146 7.324 0.12481
11 9 21 0.27478 7.695 0.12347
11 9 22 0.13716 8.019 0.10666
11 10 18 0.02830 7.648 0.12221
11 10 19 0.19405 7.399 0.13758
11 10 20 0.30058 7.786 0.11806
11 10 21 0.44593 7.772 0.12553
11 10 22 0.01032 7.694 0.10733
11 11 20 0.04941 7.784 0.11649
11 11 21 0.06305 7.921 0.11098
11 11 25 0.03290 8.453 0.10048
11 11 26 0.28351 8.245 0.13440
11 11 27 0.04473 8.593 0.09857
11 12 20 0.08269 7.733 0.13843
11 12 21 0.02234 7.736 0.08848
11 12 23 0.46386 8.316 0.11299
11 12 24 0.61312 8.508 0.10029
11 12 25 0.69457 8.669 0.09167
11 12 26 0.75458 8.638 0.09359
11 12 27 0.81896 8.570 0.09934
11 12 28 0.10364 8.539 0.10023
11 13 21 0.07012 7.848 0.13027
11 13 23 0.31501 8.732 0.09751
11 13 24 0.36482 8.632 0.09626
11 13 25 0.40939 8.494 0.08011
11 13 26 0.30313 8.354 0.06534
11 13 27 0.68399 9.100 0.06448
11 13 28 0.91371 8.698 0.09418
11 13 29 0.08141 8.548 0.09353
11 14 23 0.17961 8.407 0.13305
11 14 24 0.13227 6.919 0.13969
11 14 25 0.26014 7.665 0.08693
11 14 26 0.48535 8.245 0.08302
11 14 27 0.21783 8.273 0.07594
11 14 28 0.83369 8.857 0.08625
11 14 29 0.51012 8.341 0.12121
11 15 23 0.03547 4.834 0.26005
11 15 24 0.07709 5.373 0.11772
11 15 25 0.21050 7.658 0.08710
11 15 26 0.64396 8.702 0.07945
11 15 27 0.03309 8.633 0.09161
11 15 28 0.12404 8.590 0.09125
11 16 23 0.06152 6.380 0.16535
11 16 24 0.18536 7.649 0.12833
11 16 25 0.37791 8.141 0.09192
11 16 26 0.61306 8.679 0.07226
11 16 27 0.25322 8.522 0.07801
11 16 28 0.06158 8.865 0.07647
11 16 29 0.43070 9.341 0.06396
11 16 30 0.76294 8.985 0.08154
11 16 31 0.05081 8.633 0.09916
11 17 22 0.03045 7.199 0.11967
11 17 23 0.08436 6.953 0.16748
11 17 24 0.09671 7.394 0.14256
11 17 25 0.37583 8.344 0.10951
11 17 26 0.48051 8.627 0.09796
11 17 27 0.29296 8.690 0.10585
11 17 28 0.15300 8.405 0.12043
11 17 29 0.10523 8.764 0.08891
11 17 30 0.03782 8.617 0.10010
11 18 8 0.03381 5.712 0.16782
11 18 12 0.13195 6.545 0.14663
11 18 13 0.13165 6.971 0.11324
11 18 17 0.06778 7.265 0.09844
11 18 18 0.02474 7.450 0.09749
11 18 22 0.07005 8.107 0.08832
11 18 23 0.06515 6.925 0.19548
11 18 25 0.13286 7.436 0.14216
11 18 26 0.32341 8.271 0.09768
11 18 27 0.26471 8.876 0.08097
11 18 30 0.01199 8.616 0.09681
11 18 31 0.02197 8.549 0.10216
11 19 14 0.01106 6.420 0.09850
11 19 15 0.02732 6.073 0.09488
11 19 16 0.02544 7.071 0.09717
11 19 17 0.07693 7.282 0.08760
11 19 18 0.03101 6.975 0.07609
11 19 19 0.08114 7.805 0.06466
11 19 20 0.01941 7.497 0.05667
11 19 21 0.02864 6.970 0.11843
11 19 23 0.03893 5.908 0.22732
11 19 24 0.02170 8.226 0.09966
11 19 26 0.08312 7.167 0.11540
11 19 27 0.24246 8.768 0.09211
11 19 28 0.38852 10.013 0.05488
11 19 29 0.74652 9.678 0.05789
11 19 30 0.48293 9.153 0.07668
11 19 31 0.01563 8.630 0.09332
11 20 8 0.02720 6.862 0.10193
11 20 22 0.01293 8.074 0.11007
11 20 23 0.08575 7.668 0.18043
11 20 24 0.08280 8.456 0.09242
11 20 25 0.13288 8.672 0.09469
11 20 26 0.27204 8.664 0.10390
11 20 27 0.36015 8.961 0.09306
11 20 28 0.22624 8.841 0.10666
11 20 29 0.05210 8.942 0.07997
11 20 30 0.01069 8.610 0.09203
11 21 6 0.01710 6.602 0.09603
11 21 8 0.02926 6.848 0.10379
11 21 9 0.18682 7.222 0.11295
11 21 10 0.03022 5.940 0.18376
11 21 12 0.01430 6.794 0.10453
11 21 16 0.01479 7.466 0.08862
11 21 23 0.05298 4.952 0.32642
11 21 24 0.12299 8.282 0.11670
11 21 25 0.13138 8.425 0.11314
11 21 26 0.07137 8.730 0.09307
11 22 9 0.02106 6.839 0.10375
11 22 11 0.01126 6.553 0.12080
11 22 24 0.20372 7.704 0.12760
11 22 25 0.31305 7.767 0.13221
11 22 26 0.33885 8.337 0.11557
11 22 27 0.18756 8.686 0.10325
11 22 28 0.28477 8.776 0.10448
11 23 23 0.01205 7.935 0.12638
11 23 24 0.13980 7.426 0.14666
11 23 25 0.35314 8.015 0.11901
11 23 26 0.44495 8.309 0.10998
11 23 28 0.01012 8.560 0.09443
11 24 22 0.06511 7.285 0.15229
11 24 23 0.06902 7.911 0.12590
11 24 24 0.19385 8.285 0.10851
11 24 25 0.26086 7.938 0.12339
11 24 26 0.43493 8.339 0.10980
11 24 27 0.36924 8.297 0.11535
11 24 28 0.47729 8.555 0.10943
11 24 29 0.44238 8.515 0.11707
11 24 30 0.25782 8.866 0.09504
11 24 31 0.03926 8.595 0.09333
11 25 21 0.11236 7.684 0.14198
11 25 22 0.29419 8.133 0.12157
11 25 23 0.32929 8.373 0.11056
11 25 24 0.29295 7.788 0.14867
11 25 25 0.09859 7.630 0.15620
11 25 26 0.21250 7.688 0.15037
11 25 27 0.37693 8.282 0.12673
11 25 28 0.55753 8.607 0.11164
11 25 29 0.21559 8.436 0.11560
11 26 22 0.18806 7.836 0.15004
11 26 23 0.22822 8.039 0.13847
11 26 24 0.06032 6.510 0.22192
11 26 25 0.02753 7.048 0.17536
11 26 26 0.07403 7.134 0.16047
12 7 21 0.03217 7.304 0.12921
12 8 21 0.15317 7.132 0.13095
12 9 20 0.02918 7.904 0.10998
12 9 21 0.29090 7.873 0.11271
12 9 22 0.36298 8.076 0.10216
12 10 19 0.03744 7.918 0.10759
12 10 20 0.10588 7.881 0.11418
12 10 21 0.42997 7.849 0.11767
12 10 22 0.10161 7.536 0.13495
12 11 20 0.08514 7.603 0.14597
12 11 21 0.15906 7.983 0.11224
12 11 25 0.02896 8.371 0.10306
12 11 26 0.23125 8.531 0.10629
12 11 27 0.03427 8.487 0.09730
12 12 20 0.03868 8.028 0.10605
12 12 21 0.06808 7.669 0.13326
12 12 23 0.35351 8.427 0.10529
12 12 24 0.51536 8.629 0.09443
12 12 25 0.56832 8.754 0.08620
12 12 26 0.71099 8.756 0.08549
12 12 27 0.79745 8.669 0.09363
12 12 28 0.10108 8.570 0.09692
12 13 21 0.03282 8.207 0.08946
12 13 23 0.13049 8.980 0.08622
12 13 24 0.17155 8.750 0.10415
12 13 25 0.17917 8.222 0.07602
12 13 26 0.14947 7.962 0.05867
12 13 27 0.55401 9.199 0.05594
12 13 28 0.89783 8.890 0.08402
12 13 29 0.10058 8.589 0.09265
12 14 23 0.09639 8.886 0.10002
12 14 24 0.05606 6.636 0.17331
12 14 25 0.17596 7.576 0.08984
12 14 26 0.40602 8.273 0.08187
12 14 27 0.04427 6.840 0.07494
12 14 28 0.74489 8.994 0.07772
12 14 29 0.67407 8.481 0.10928
12 14 30 0.01612 8.375 0.10197
12 15 23 0.01882 4.874 0.34500
12 15 24 0.05651 4.997 0.10861
12 15 25 0.19620 7.564 0.09557
12 15 26 0.51174 8.772 0.07616
12 15 27 0.04965 8.600 0.08903
12 15 28 0.12665 8.575 0.09139
12 15 29 0.01282 8.425 0.09694
12 16 24 0.01248 5.208 0.26099
12 16 25 0.19272 7.656 0.10312
12 16 26 0.43248 8.524 0.07845
12 16 27 0.13596 8.377 0.09140
12 16 28 0.04997 9.028 0.07739
12 16 29 0.40373 9.236 0.07238
12 16 30 0.66456 9.095 0.07817
12 16 31 0.03283 8.678 0.08759
12 17 23 0.01199 6.135 0.22386
12 17 25 0.16053 7.903 0.12102
12 17 26 0.36370 8.452 0.10480
12 17 27 0.27476 8.624 0.11010
12 17 28 0.07001 8.484 0.09929
12 17 29 0.02237 8.626 0.08946
12 17 30 0.01931 8.511 0.10056
12 18 8 0.06244 5.822 0.15830
12 18 12 0.13735 6.587 0.13896
12 18 13 0.07501 7.082 0.11396
12 18 17 0.01802 7.125 0.09781
12 18 23 0.04407 6.982 0.19089
12 18 25 0.07783 7.658 0.12582
12 18 26 0.17152 8.384 0.09635
12 18 27 0.04443 8.566 0.08404
12 19 12 0.03787 6.317 0.15962
12 19 23 0.05819 5.454 0.21021
12 19 26 0.01225 5.483 0.16834
12 19 27 0.16545 8.541 0.11336
12 19 28 0.29245 9.586 0.07160
12 19 29 0.45655 9.615 0.06232
12 19 30 0.09039 9.264 0.07090
12 20 7 0.01104 6.909 0.10081
12 20 8 0.08663 6.965 0.09993
12 20 12 0.05446 6.466 0.12777
12 20 13 0.02385 6.264 0.13728
12 20 23 0.03292 8.719 0.08004
12 20 24 0.01350 8.112 0.09259
12 20 25 0.02430 8.412 0.08817
12 20 26 0.10666 8.866 0.08113
12 20 27 0.10099 8.985 0.08327
12 20 28 0.03375 9.109 0.06863
12 21 6 0.02229 6.615 0.09564
12 21 8 0.09231 6.826 0.11404
12 21 9 0.30851 7.404 0.09862
12 21 10 0.08166 5.932 0.18982
12 21 12 0.08401 6.511 0.14109
12 21 13 0.01619 6.435 0.12870
12 21 23 0.06036 6.536 0.26704
12 21 24 0.18641 8.573 0.10620
12 21 25 0.28022 8.480 0.11612
12 21 26 0.20219 8.741 0.09823
12 22 8 0.01517 6.880 0.10786
12 22 9 0.14727 6.840 0.11816
12 22 10 0.04706 6.621 0.13317
12 22 11 0.05582 6.092 0.17012
12 22 12 0.01988 6.711 0.12067
12 22 13 0.06255 6.855 0.11191
12 22 24 0.07604 7.872 0.11825
12 22 25 0.33862 7.914 0.12278
12 22 26 0.46763 8.397 0.10980
12 22 27 0.31513 8.652 0.10426
12 22 28 0.50096 8.843 0.10227
12 22 29 0.08210 8.579 0.10759
12 22 30 0.12686 8.995 0.09260
12 23 10 0.02592 6.354 0.11004
12 23 24 0.01047 7.858 0.10509
12 23 25 0.21624 7.920 0.11658
12 23 26 0.42895 8.379 0.10537
12 23 28 0.03985 8.747 0.09017
12 23 29 0.02279 8.558 0.09546
12 24 24 0.01083 8.783 0.08232
12 24 25 0.05197 7.080 0.18319
12 24 26 0.37678 8.515 0.10220
12 24 27 0.39368 8.427 0.10621
12 24 28 0.60187 8.718 0.09992
12 24 29 0.64552 8.624 0.10647
12 24 30 0.59165 8.895 0.09430
12 24 31 0.31678 8.949 0.08570
12 25 21 0.01831 7.909 0.11754
12 25 22 0.11056 8.218 0.11370
12 25 23 0.08545 8.546 0.09609
12 25 24 0.09986 8.197 0.11759
12 25 25 0.08346 7.717 0.14834
12 25 26 0.23871 7.845 0.14006
12 25 27 0.40405 8.379 0.11879
12 25 28 0.56777 8.696 0.10515
12 25 29 0.51697 8.485 0.11382
12 26 21 0.01942 8.197 0.10813
12 26 22 0.24731 7.977 0.14042
12 26 23 0.22446 8.183 0.12497
12 26 24 0.11715 6.231 0.22813
12 26 25 0.13550 6.552 0.20408
12 26 26 0.20180 7.048 0.16159
13 8 21 0.10341 7.234 0.12866
13 8 22 0.04466 7.859 0.11411
13 9 21 0.17052 8.138 0.10202
13 9 22 0.48033 8.098 0.09883
13 10 21 0.21189 8.020 0.10913
13 10 22 0.26103 7.510 0.13937
13 11 20 0.08856 7.424 0.16795
13 11 21 0.13789 8.016 0.11086
13 11 25 0.01354 8.364 0.09463
13 11 26 0.13785 8.716 0.08820
13 11 27 0.01365 8.438 0.09531
13 12 21 0.08889 7.514 0.16225
13 12 22 0.01457 8.235 0.09265
13 12 23 0.15197 8.569 0.09471
13 12 24 0.34591 8.751 0.08971
13 12 25 0.38378 8.853 0.08302
13 12 26 0.63409 8.877 0.08099
13 12 27 0.58922 8.755 0.09189
13 12 28 0.05581 8.644 0.09081
13 13 24 0.01582 8.321 0.18938
13 13 25 0.05092 7.452 0.11193
13 13 26 0.07373 7.779 0.09702
13 13 27 0.54769 9.317 0.05572
13 13 28 0.77903 9.081 0.07618
13 13 29 0.06662 8.509 0.09245
13 14 23 0.01494 8.618 0.05162
13 14 25 0.14387 7.943 0.09449
13 14 26 0.19874 8.193 0.08877
13 14 27 0.01067 6.817 0.12743
13 14 28 0.66489 9.162 0.07175
13 14 29 0.52771 8.588 0.10378
13 14 30 0.01915 8.424 0.10648
13 15 24 0.03599 5.183 0.14186
13 15 25 0.19524 7.911 0.10267
13 15 26 0.26163 8.704 0.08147
13 15 27 0.01834 8.398 0.09141
13 15 28 0.07985 8.572 0.09182
13 15 29 0.01047 8.198 0.09282
13 16 25 0.06647 6.790 0.13246
13 16 26 0.21465 8.269 0.09226
13 16 27 0.03772 8.077 0.11789
13 16 28 0.04813 9.003 0.07863
13 16 29 0.43686 9.212 0.07776
13 16 30 0.38156 9.064 0.08391
13 16 31 0.01105 8.539 0.09764
13 17 26 0.17677 8.120 0.11809
13 17 27 0.18583 8.515 0.11406
13 18 8 0.06424 5.986 0.14408
13 18 12 0.09486 6.668 0.12914
13 18 25 0.01047 8.330 0.07769
13 18 26 0.01281 8.604 0.09385
13 19 12 0.08337 6.222 0.16606
13 19 23 0.03311 5.414 0.17632
13 19 27 0.10394 8.419 0.11787
13 19 28 0.14762 9.037 0.08150
13 19 29 0.06679 9.118 0.07204
13 20 7 0.02047 6.943 0.10011
13 20 8 0.15193 7.046 0.09584
13 20 12 0.13846 6.482 0.13148
13 20 13 0.08572 5.919 0.16963
13 20 26 0.03446 8.660 0.07437
13 21 6 0.01854 6.608 0.09499
13 21 8 0.14595 6.921 0.10554
13 21 9 0.33423 7.537 0.08642
13 21 10 0.09810 6.410 0.15795
13 21 12 0.17238 6.488 0.14413
13 21 13 0.07997 6.201 0.14662
13 21 23 0.05602 8.610 0.10417
13 21 24 0.17846 8.764 0.09701
13 21 25 0.35184 8.626 0.10833
13 21 26 0.40029 8.745 0.09979
13 21 27 0.06660 8.674 0.10334
13 22 6 0.01843 5.912 0.11992
13 22 7 0.02114 5.514 0.13040
13 22 8 0.08291 6.734 0.12517
13 22 9 0.32570 6.985 0.11010
13 22 10 0.15707 6.596 0.13950
13 22 11 0.10613 5.977 0.18251
13 22 12 0.06356 6.385 0.15659
13 22 13 0.20207 6.844 0.11936
13 22 14 0.07894 6.768 0.11538
13 22 24 0.01382 8.788 0.05463
13 22 25 0.32545 8.098 0.11446
13 22 26 0.54610 8.546 0.10222
13 22 27 0.40232 8.666 0.10130
13 22 28 0.55592 8.901 0.09807
13 22 29 0.35063 8.604 0.11984
13 22 30 0.48202 9.080 0.09244
13 22 31 0.05600 9.025 0.08857
13 23 8 0.04360 6.866 0.10434
13 23 9 0.02117 6.701 0.10862
13 23 10 0.16177 6.455 0.10930
13 23 25 0.07636 7.421 0.12039
13 23 26 0.36584 8.578 0.09694
13 23 28 0.09105 8.782 0.09233
13 23 29 0.04350 8.536 0.09988
13 23 30 0.01663 8.622 0.09803
13 24 26 0.29229 8.800 0.09155
13 24 27 0.34450 8.543 0.10059
13 24 28 0.56524 8.820 0.09284
13 24 29 0.63744 8.664 0.10113
13 24 30 0.67850 8.811 0.09546
13 24 31 0.71148 9.073 0.08274
13 24 32 0.10626 8.833 0.09083
13 25 26 0.11854 8.215 0.12084
13 25 27 0.21909 8.326 0.11787
13 25 28 0.36221 8.863 0.09973
13 25 29 0.58033 8.613 0.10610
13 25 30 0.03347 8.397 0.11039
13 25 31 0.01224 8.583 0.09764
13 26 22 0.13219 8.228 0.11778
13 26 23 0.10584 8.405 0.10552
13 26 24 0.05251 6.749 0.20062
13 26 25 0.18941 6.800 0.18524
13 26 26 0.22232 7.170 0.15661
14 8 21 0.03984 7.589 0.11828
14 8 22 0.08900 7.722 0.11866
14 9 21 0.01720 9.403 0.05867
14 9 22 0.44790 8.138 0.09503
14 10 22 0.28402 7.642 0.13214
14 11 20 0.03398 7.845 0.12013
14 11 21 0.02688 8.241 0.09606
14 11 26 0.04583 8.695 0.09070
14 12 21 0.02617 8.137 0.09790
14 12 22 0.01262 8.264 0.08917
14 12 24 0.11943 8.809 0.08798
14 12 25 0.19387 8.931 0.08457
14 12 26 0.48381 8.991 0.07929
14 12 27 0.21721 8.795 0.09093
14 12 28 0.01002 8.352 0.09267
14 13 25 0.01684 7.544 0.16751
14 13 26 0.07408 8.534 0.10481
14 13 27 0.63263 9.477 0.05708
14 13 28 0.42958 9.079 0.07885
14 13 29 0.01276 8.609 0.08358
14 14 25 0.07845 8.406 0.08842
14 14 28 0.50190 9.235 0.07201
14 14 29 0.14593 8.835 0.08968
14 15 24 0.01499 7.143 0.13480
14 15 25 0.12048 8.287 0.10016
14 15 26 0.01857 8.124 0.10611
14 15 28 0.02540 8.575 0.09003
14 16 25 0.07756 7.655 0.14230
14 16 26 0.05248 7.844 0.12028
14 16 28 0.05347 9.102 0.07847
14 16 29 0.36912 9.156 0.08288
14 16 30 0.04659 8.668 0.10655
14 17 26 0.01758 7.233 0.12495
14 17 27 0.04776 8.299 0.11459
14 18 8 0.04268 6.232 0.12147
14 18 9 0.01854 6.293 0.11103
14 18 12 0.01544 6.874 0.09484
14 19 12 0.06582 6.439 0.14344
14 19 27 0.03717 8.268 0.10763
14 20 7 0.02032 7.008 0.09958
14 20 8 0.17424 7.077 0.09362
14 20 12 0.17041 6.673 0.12033
14 20 13 0.11648 6.021 0.15527
14 20 26 0.03534 8.482 0.10520
14 21 8 0.11360 6.935 0.09733
14 21 9 0.31563 7.587 0.08070
14 21 10 0.07387 7.141 0.10429
14 21 12 0.16966 6.600 0.13226
14 21 13 0.15910 6.245 0.14004
14 21 23 0.02584 8.874 0.08056
14 21 24 0.06701 8.940 0.08815
14 21 25 0.29277 8.742 0.10216
14 21 26 0.56852 8.746 0.09899
14 21 27 0.30014 8.615 0.11331
14 21 30 0.01117 8.796 0.08579
14 22 6 0.03433 5.867 0.11924
14 22 7 0.05264 5.328 0.13627
14 22 8 0.16569 6.693 0.12728
14 22 9 0.36798 7.103 0.10629
14 22 10 0.23849 6.801 0.12486
14 22 11 0.07028 6.383 0.14699
14 22 12 0.07832 6.251 0.16952
14 22 13 0.31447 7.046 0.10379
14 22 14 0.24952 6.797 0.11437
14 22 15 0.01212 6.736 0.11007
14 22 25 0.26991 8.331 0.10636
14 22 26 0.57528 8.676 0.09730
14 22 27 0.42599 8.740 0.09563
14 22 28 0.49722 9.048 0.08925
14 22 29 0.58846 8.818 0.10921
14 22 30 0.75656 9.013 0.09407
14 22 31 0.34367 9.224 0.08521
14 23 7 0.02976 6.068 0.13145
14 23 8 0.13246 6.891 0.10867
14 23 9 0.11967 6.733 0.11320
14 23 10 0.35834 6.606 0.10149
14 23 11 0.03813 5.813 0.15102
14 23 25 0.01893 6.840 0.10750
14 23 26 0.28399 8.809 0.08991
14 23 28 0.12975 8.738 0.09481
14 23 29 0.04834 8.541 0.09552
14 23 30 0.02855 8.650 0.09678
14 23 31 0.01027 8.700 0.09371
14 24 26 0.24107 9.020 0.08748
14 24 27 0.26379 8.556 0.10404
14 24 28 0.40587 8.890 0.08681
14 24 29 0.44956 8.767 0.09257
14 24 30 0.51456 8.771 0.09503
14 24 31 0.73908 8.994 0.08794
14 24 32 0.45723 9.088 0.08223
14 25 27 0.03504 8.169 0.10801
14 25 28 0.06038 9.010 0.11833
14 25 29 0.36463 8.706 0.10467
14 25 30 0.08698 8.251 0.12904
14 25 31 0.03721 8.607 0.09915
14 26 25 0.11792 7.109 0.17212
14 26 26 0.11252 7.335 0.15470
15 8 22 0.06263 7.705 0.11913
15 9 22 0.25763 8.193 0.09202
15 10 22 0.14650 7.735 0.12725
15 10 23 0.01668 7.484 0.15720
15 11 1 0.04182 4.590 0.11383
15 11 2 0.05739 5.205 0.09877
15 12 1 0.01503 4.663 0.11962
15 12 25 0.03407 8.991 0.09115
15 12 26 0.19422 8.988 0.08234
15 13 25 0.01361 8.907 0.09018
15 13 26 0.13446 9.271 0.07601
15 13 27 0.51404 9.435 0.06463
15 13 28 0.03621 8.753 0.08207
15 14 27 0.05678 8.495 0.09051
15 14 28 0.14667 9.055 0.07769
15 15 25 0.01411 8.965 0.06919
15 16 25 0.11733 8.263 0.11617
15 16 28 0.03465 8.964 0.08348
15 16 29 0.14556 9.003 0.09185
15 18 9 0.01127 6.303 0.10573
15 20 8 0.15630 7.110 0.09321
15 20 12 0.11572 6.723 0.11560
15 20 13 0.04792 6.308 0.13104
15 20 26 0.03810 8.750 0.09440
15 20 27 0.01056 8.563 0.10155
15 21 8 0.02183 6.643 0.07953
15 21 9 0.24474 7.489 0.08557
15 21 10 0.04239 7.564 0.07196
15 21 12 0.09746 6.832 0.11651
15 21 13 0.17611 6.396 0.13231
15 21 25 0.11534 8.872 0.09352
15 21 26 0.56004 8.757 0.09649
15 21 27 0.56191 8.712 0.10437
15 21 30 0.01870 8.696 0.08933
15 22 6 0.04469 5.823 0.11711
15 22 7 0.04985 5.268 0.12241
15 22 8 0.13447 6.706 0.12257
15 22 9 0.33310 7.237 0.10088
15 22 10 0.20008 6.999 0.11980
15 22 12 0.02028 6.538 0.13887
15 22 13 0.29464 7.182 0.09512
15 22 14 0.38676 6.968 0.10135
15 22 15 0.07162 6.291 0.15892
15 22 25 0.12596 8.675 0.09384
15 22 26 0.53322 8.879 0.08996
15 22 27 0.34708 8.859 0.08947
15 22 28 0.32934 9.303 0.07592
15 22 29 0.48867 9.128 0.09783
15 22 30 0.75420 8.977 0.09611
15 22 31 0.72972 9.267 0.08055
15 23 7 0.05722 5.974 0.13161
15 23 8 0.20660 7.022 0.09807
15 23 9 0.27950 6.828 0.10975
15 23 10 0.41223 6.690 0.10425
15 23 11 0.16713 5.810 0.14655
15 23 26 0.18456 9.010 0.08630
15 23 27 0.01528 8.573 0.08416
15 23 28 0.10664 8.706 0.09548
15 23 29 0.02312 8.259 0.08596
15 23 30 0.03228 8.745 0.09048
15 23 31 0.01666 8.950 0.07961
15 24 7 0.01206 6.090 0.10917
15 24 9 0.03116 5.716 0.20335
15 24 10 0.01510 6.635 0.09941
15 24 26 0.16403 8.959 0.09734
15 24 27 0.13831 8.323 0.12270
15 24 28 0.14541 8.821 0.08479
15 24 29 0.12064 8.766 0.08625
15 24 30 0.17719 8.623 0.09886
15 24 31 0.62783 8.997 0.08762
15 24 32 0.71270 9.184 0.07874
15 25 29 0.08257 8.801 0.10773
15 25 30 0.08886 8.196 0.13615
15 25 31 0.07052 8.738 0.09629
15 25 32 0.03058 8.807 0.08572
15 26 25 0.01686 8.252 0.10579
16 9 22 0.02946 7.968 0.10197
16 10 22 0.01367 8.246 0.08316
16 10 23 0.07759 6.416 0.25472
16 11 0 0.01223 4.524 0.11098
16 11 1 0.10842 4.752 0.10196
16 11 2 0.15482 5.267 0.09246
16 12 1 0.07184 4.689 0.11923
16 13 1 0.01336 5.828 0.08962
16 13 3 0.01547 4.449 0.12790
16 13 26 0.11158 9.122 0.07725
16 13 27 0.09483 8.919 0.08458
16 14 27 0.02384 8.597 0.09888
16 16 25 0.08346 8.616 0.09447
16 20 0 0.01026 3.991 0.11895
16 20 8 0.08372 7.193 0.09306
16 20 12 0.02015 6.773 0.10982
16 20 26 0.01659 8.457 0.09532
16 20 27 0.01821 8.504 0.10133
16 21 9 0.09169 7.315 0.09328
16 21 10 0.01055 7.195 0.09033
16 21 12 0.01288 7.344 0.07449
16 21 13 0.13723 6.459 0.13362
16 21 26 0.31972 8.853 0.09093
16 21 27 0.59073 8.782 0.09632
16 21 28 0.05202 6.174 0.23885
16 21 30 0.01779 8.691 0.09340
16 21 31 0.01480 8.873 0.08723
16 22 6 0.03870 5.792 0.11853
16 22 8 0.01917 6.579 0.11222
16 22 9 0.21240 7.369 0.09706
16 22 10 0.06802 7.427 0.11334
16 22 13 0.14794 7.432 0.08323
16 22 14 0.39530 6.999 0.09672
16 22 15 0.17789 6.080 0.17314
16 22 26 0.35828 9.117 0.08124
16 22 27 0.16527 9.057 0.08250
16 22 28 0.13689 9.495 0.07379
16 22 29 0.14985 9.592 0.10075
16 22 30 0.64740 9.086 0.09464
16 22 31 0.78589 9.188 0.08238
16 22 32 0.01769 8.773 0.08479
16 23 7 0.06993 6.102 0.10744
16 23 8 0.18632 7.078 0.08875
16 23 9 0.32922 6.976 0.10342
16 23 10 0.40569 6.842 0.10023
16 23 11 0.27378 6.143 0.12431
16 23 26 0.05731 9.258 0.07859
16 23 27 0.01321 8.509 0.08906
16 23 28 0.02752 8.620 0.09106
16 23 30 0.02195 8.746 0.08445
16 23 31 0.02950 8.988 0.08498
16 24 6 0.02945 6.039 0.12100
16 24 7 0.05010 6.135 0.10261
16 24 8 0.01206 7.230 0.09970
16 24 9 0.06830 5.365 0.24028
16 24 10 0.01407 6.751 0.10176
16 24 26 0.04050 8.675 0.11798
16 24 27 0.01147 7.584 0.14749
16 24 31 0.37717 9.096 0.08459
16 24 32 0.71317 9.191 0.07801
16 25 30 0.02680 8.441 0.10570
16 25 31 0.07701 8.787 0.09476
16 25 32 0.04770 8.768 0.08997
17 9 0 0.01834 4.442 0.08607
17 10 1 0.01820 4.602 0.11548
17 10 23 0.10162 6.622 0.22769
17 10 24 0.04017 7.948 0.12038
17 11 0 0.03075 4.544 0.10479
17 11 1 0.11890 4.875 0.09313
17 11 2 0.15902 5.346 0.08185
17 11 3 0.04321 5.249 0.11173
17 12 1 0.11646 4.908 0.10131
17 13 1 0.04846 5.687 0.10687
17 20 0 0.02527 4.021 0.11236
17 20 27 0.01202 8.571 0.09443
17 21 13 0.07658 6.575 0.13264
17 21 27 0.42144 8.925 0.08774
17 21 28 0.08075 6.728 0.20314
17 21 31 0.01026 8.733 0.08576
17 22 6 0.01521 5.733 0.12574
17 22 9 0.03945 7.728 0.08512
17 22 14 0.35360 7.049 0.09357
17 22 15 0.18347 6.177 0.16092
17 22 26 0.07889 9.455 0.07193
17 22 30 0.44744 9.336 0.08763
17 22 31 0.71710 9.300 0.07738
17 22 32 0.01811 8.695 0.09657
17 23 7 0.06954 6.262 0.08766
17 23 8 0.08970 6.907 0.08271
17 23 9 0.19896 7.145 0.10439
17 23 10 0.37906 7.141 0.08531
17 23 11 0.28873 6.425 0.11447
17 23 31 0.01752 8.657 0.10145
17 24 6 0.04706 6.062 0.11989
17 24 7 0.10719 6.202 0.09679
17 24 9 0.03119 6.290 0.14826
17 24 31 0.15680 9.316 0.07795
17 24 32 0.66574 9.435 0.07030
17 25 31 0.03710 8.842 0.08842
17 25 32 0.03453 8.845 0.08992
18 9 0 0.04527 4.503 0.07995
18 10 1 0.07704 4.681 0.11204
18 10 2 0.05968 5.035 0.10581
18 10 23 0.05811 7.393 0.16290
18 10 24 0.12443 7.765 0.13803
18 11 0 0.03899 4.658 0.09106
18 11 1 0.10594 5.086 0.08223
18 11 2 0.12395 5.431 0.07305
18 11 3 0.13391 5.388 0.10251
18 12 1 0.11723 5.084 0.09633
18 13 1 0.07672 5.606 0.10570
18 20 0 0.02091 4.059 0.11073
18 21 13 0.01957 7.048 0.10465
18 21 27 0.09429 8.989 0.08359
18 21 28 0.02211 7.870 0.12615
18 22 14 0.24678 6.981 0.10123
18 22 15 0.05795 6.784 0.11126
18 22 30 0.22974 9.446 0.07897
18 22 31 0.34319 9.277 0.07922
18 23 7 0.05911 6.336 0.08258
18 23 8 0.01115 5.843 0.06888
18 23 9 0.02118 7.695 0.12626
18 23 10 0.29468 7.401 0.07682
18 23 11 0.22222 6.727 0.11035
18 24 6 0.03070 6.120 0.11510
18 24 7 0.15277 6.266 0.09204
18 24 31 0.05820 9.550 0.06502
18 24 32 0.43561 9.632 0.06595
18 25 32 0.01285 8.938 0.08554
19 9 0 0.05117 4.501 0.07667
19 10 1 0.10654 4.894 0.09510
19 10 2 0.14329 5.154 0.09705
19 10 24 0.15743 7.771 0.13860
19 11 0 0.03066 4.655 0.08510
19 11 1 0.08121 5.386 0.06922
19 11 2 0.07187 5.516 0.06414
19 11 3 0.18106 5.606 0.08206
19 12 1 0.10902 5.309 0.09101
19 13 1 0.06624 5.668 0.09781
19 22 14 0.11462 6.642 0.13057
19 22 30 0.02389 8.548 0.08589
19 23 7 0.03373 6.252 0.09080
19 23 10 0.15251 7.461 0.08230
19 23 11 0.07515 7.133 0.11223
19 24 7 0.15867 6.349 0.08715
19 24 8 0.04659 5.231 0.15454
19 24 31 0.01990 8.844 0.08834
19 24 32 0.06955 9.697 0.06549
20 9 0 0.04442 4.460 0.07636
20 10 1 0.08739 4.962 0.08806
20 10 2 0.15491 5.283 0.08453
20 10 3 0.03189 4.472 0.17967
20 10 24 0.08465 7.969 0.12103
20 11 0 0.01183 4.428 0.08636
20 11 1 0.04191 5.643 0.05588
20 11 2 0.02126 5.653 0.04517
20 11 3 0.17952 5.742 0.06751
20 12 1 0.08752 5.467 0.09188
20 13 1 0.02751 5.663 0.09447
20 23 10 0.02000 7.604 0.07928
20 24 7 0.12350 6.472 0.08066
20 24 8 0.12006 5.375 0.14302
21 9 0 0.03350 4.464 0.07443
21 10 1 0.03724 4.951 0.08346
21 10 2 0.14587 5.428 0.07395
21 10 3 0.06572 4.370 0.17727
21 10 25 0.01171 8.011 0.10799
21 11 3 0.15991 5.841 0.05765
21 12 1 0.03893 5.455 0.10078
21 24 7 0.06280 6.584 0.07865
21 24 8 0.13507 5.460 0.13688
21 26 2 0.02282 3.945 0.16770
22 9 0 0.01898 4.507 0.07342
22 10 2 0.10636 5.490 0.07381
22 10 3 0.04730 4.663 0.15525
22 11 3 0.13623 5.930 0.05431
22 24 7 0.01774 6.596 0.09261
22 24 8 0.05166 5.429 0.14635
22 26 2 0.02293 4.086 0.16204
23 10 2 0.03158 5.339 0.08893
23 11 3 0.10086 5.923 0.06218
23 26 2 0.01423 4.426 0.14598
24 11 3 0.03575 5.751 0.07768
